
79.6        -71.         -13.6 -72.3 -69.6        -7.8         23.5         20.8
79.79565217 -71.2826087  -12.6 -72.8 -69.3826087  -7.64782609  23.58695652  21.64782609
79.99130435 -71.56521739 -11.6 -73.3 -69.16521739 -7.49565217  23.67391304  22.49565217
80.18695652 -71.84782609 -10.6 -73.8 -68.94782609 -7.34347826  23.76086957  23.34347826
80.5        -72.3         -9.0 -74.6  -68.6       -7.1         23.9         24.7

[array([  0.,   0., 396.]), 
array([  0.,  80., 396.]), 
array([  0. , 124.5, 396. ]), 
array([ 12.48350583, 148.51364553, 323.82775249]), 
array([ 43.57196184, 172.69657309, 144.09268658])] 

[array([  0.,   0., 396.]), 
array([  0., -80., 396.]), 
array([-3.13934654e-04, -1.24500000e+02,  3.95999909e+02]), 
array([  20.06851682, -152.18851768,  326.92086406]), 
array([  69.93958859, -195.79386681,  155.26000735])] 

[array([  0.,   0., 338.]), 
array([  0.,   0., 396.]), 
array([  0. ,   0. , 434.2]), 
array([137.74011189,  60.63829214, 545.6928657 ])]


[array([  0.,   0., 396.]), 
array([  0.,  80., 396.]), 
array([  0. , 124.5, 396. ]), 
array([ 12.70914366, 148.87462407, 323.988322  ]), 
array([ 44.46131101, 170.77186554, 144.07636941])] 

[array([  0.,   0., 396.]), 
array([  0., -80., 396.]), 
array([-3.13126784e-04, -1.24500000e+02,  3.95999906e+02]), 
array([  20.70061573, -151.91538295,  326.99849504]), 
array([  72.14755421, -194.36681798,  155.51354472])] 

[array([  0.,   0., 338.]), array([  0.,   0., 396.]), 
array([  0. ,   0. , 434.2]), 
array([136.30598641,  59.76014029, 547.90753582])]



[array([  0.,   0., 396.]), 
array([  0.,  80., 396.]), 
array([  0. , 124.5, 396. ]), 
array([ 12.11990103, 147.93486834, 323.57596155]), 
array([ 42.13989306, 175.76685926, 144.18761087])] 

[array([  0.,   0., 396.]), 
array([  0., -80., 396.]), 
array([-3.15177494e-04, -1.24500000e+02,  3.95999913e+02]), 
array([  19.05707399, -152.62470253,  326.81072743]), 
array([  66.40448288, -198.07252087,  154.91332   ])] 

[array([  0.,   0., 338.]), 
array([  0.,   0., 396.]), 
array([  0. ,   0. , 434.2]), 
array([139.96700955,  62.02484115, 542.09881982])]


{'jointLeft_0': array([  0.,   0., 396.]), 
 'jointLeft_1': array([  0.,  80., 396.]),
 'jointLeft_2': array([  0. , 124.5, 396. ]),
 'jointLeft_3': array([  2.61,  48.03, 405.34]), 
 'jointLeft_4': array([  5.03, 231.81, 414.03]), 
 'jointRight_0': array([  0.,   0., 396.]), 
 'jointRight_1': array([  0., -80., 396.]), 
 'jointRight_2': array([   0. , -124.5,  396. ]), 
 'jointRight_3': array([ -13.16, -195.95,  370.25]), 
 'jointRight_4': array([  28.71, -355.31,  452.15]), 
 'jointHead_0': array([  0.,   0., 338.]), 
 'jointHead_1': array([  0.,   0., 396.]), 
 'jointHead_2': array([  0. ,   0. , 434.2]), 
 'jointHead_3': array([-21.33,  72.56, 605.55])}]

